0.01 1550 24.074
0.01 1645 18.109
0.01 1560 11.405
0.01 1644 15.914
0.01 1705 14.857
0.01 1686 18.353
0.01 1769 19.758
0.01 1531 21.567
0.01 1832 25.239
0.01 1603 16.179
0.01 1792 20.113
0.01 1607 22.111
0.01 1724 19.807
0.01 1665 21.241
0.01 1674 17.165
0.01 1671 16.394
0.01 1688 21.175
0.01 1617 23.701
0.01 1773 27.208
0.01 1646 12.101
0.01 1608 12.811
0.01 1722 36.68
0.01 1696 15.579
0.01 1556 15.724
0.01 1534 15.796
0.01 1954 28.31
0.01 1523 13.74
0.01 1625 17.514
0.01 1495 14.392
0.01 1681 20.531
0.01 1693 19.401
0.01 1723 17.95
0.01 1496 19.799
0.01 1753 26.974
0.01 1601 16.391
0.01 1629 8.478
0.01 1595 13.517
0.01 1509 20.422
0.01 1537 14.576
0.01 1760 15.837
0.01 1537 12.344
0.01 1681 19.151
0.01 1535 8.128
0.01 1651 16.526
0.01 1720 23.174
0.01 1694 21.058
0.01 1728 19.399
0.01 1515 10.894
0.01 1520 11.957
0.01 1617 16.665
0.01 1669 16.876
0.01 1829 14.966
0.01 1583 18.709
0.01 1556 13.28
0.01 1644 13.334
0.01 1684 22.257
0.01 1666 18.786
0.01 1702 15.633
0.01 1402 10.62
0.01 1569 13.727
0.01 1707 28.362
0.01 1854 14.048
0.01 1677 23.301
0.01 1686 20.512
0.01 1588 14.214
0.01 1413 11.693
0.01 1558 21.922
0.01 1653 16.811
0.01 1519 11.168
0.01 1712 22.31
0.01 1607 22.054
0.01 1769 26.173
0.01 1701 15.712
0.01 1694 18.11
0.01 1644 16.297
0.01 1775 36.809
0.01 1592 22.981
0.01 1779 26.366
0.01 1681 13.206
0.01 1674 14.453
0.01 1645 19.387
0.01 1741 24.119
0.01 1653 16.992
0.01 1542 18.464
0.01 1611 16.524
0.01 1676 24.056
0.01 1672 20.856
0.01 1693 20.119
0.01 1504 10.141
0.01 1460 14.475
0.01 1706 19.223
0.01 1391 11.482
0.01 1713 24.325
0.01 1730 24.463
0.01 1695 22.892
0.01 1597 20.361
0.01 1744 24.164
0.01 1752 23.975
0.01 1883 18.549
0.01 1687 17.141
0.02 716 3.591
0.02 889 6.791
0.02 928 7.792
0.02 788 4.177
0.02 890 5.005
0.02 813 5.583
0.02 840 5.328
0.02 960 13.444
0.02 772 4.18
0.02 933 5.886
0.02 811 4.062
0.02 734 2.595
0.02 886 5.072
0.02 720 5.269
0.02 832 4.818
0.02 721 11.871
0.02 821 4.15
0.02 844 5.066
0.02 842 7.816
0.02 955 7.858
0.02 734 4.68
0.02 837 7.681
0.02 1047 7.58
0.02 726 2.497
0.02 778 4.643
0.02 851 8.541
0.02 750 3.784
0.02 798 6.316
0.02 864 5.201
0.02 752 7.408
0.02 703 2.433
0.02 841 6.971
0.02 746 4.481
0.02 818 5.476
0.02 857 5.599
0.02 685 4.164
0.02 794 3.97
0.02 964 9.695
0.02 916 7.486
0.02 772 3.497
0.02 691 5.601
0.02 685 2.995
0.02 735 4.831
0.02 821 6.687
0.02 800 7.72
0.02 835 5.657
0.02 1048 5.399
0.02 841 6.821
0.02 840 5.657
0.02 891 11.34
0.02 781 5.175
0.02 887 6.546
0.02 850 5.671
0.02 829 6.026
0.02 848 4.428
0.02 744 3.684
0.02 769 2.571
0.02 909 6.219
0.02 920 6.727
0.02 858 5.577
0.02 856 6.245
0.02 833 6.986
0.02 650 4.003
0.02 793 4.072
0.02 650 2.427
0.02 889 6.533
0.02 887 4.692
0.02 896 7.605
0.02 804 4.256
0.02 813 3.83
0.02 860 8.299
0.02 776 3.568
0.02 942 6
0.02 757 5.666
0.02 688 2.26
0.02 847 7.971
0.02 834 6.691
0.02 868 5.774
0.02 782 3.643
0.02 767 4.737
0.02 889 6.066
0.02 904 9.212
0.02 828 6.36
0.02 1064 5.939
0.02 964 5.79
0.02 856 9.112
0.02 740 2.932
0.02 750 3.08
0.02 739 7.016
0.02 757 4.307
0.02 805 5.854
0.02 713 4.284
0.02 736 5.502
0.02 850 8.129
0.02 883 3.193
0.02 855 6.175
0.02 812 6.157
0.02 782 2.892
0.02 819 4.57
0.02 696 5.456
0.04 436 2.289
0.04 385 0.928
0.04 401 2.328
0.04 358 1.783
0.04 381 1.786
0.04 338 1.562
0.04 348 0.882
0.04 360 1.186
0.04 348 1.069
0.04 382 1.904
0.04 347 1.238
0.04 511 4.501
0.04 358 2.321
0.04 358 0.775
0.04 423 3.109
0.04 396 1.75
0.04 343 1.618
0.04 514 2.593
0.04 399 1.656
0.04 427 2.16
0.04 449 2.431
0.04 393 3.051
0.04 338 2.479
0.04 418 1.245
0.04 414 1.916
0.04 328 3.413
0.04 360 1.302
0.04 421 3.96
0.04 430 3.987
0.04 337 2.011
0.04 418 1.541
0.04 495 3.531
0.04 419 2.058
0.04 419 2.226
0.04 340 1.395
0.04 317 1.039
0.04 368 1.367
0.04 365 1.316
0.04 361 1.678
0.04 496 2.099
0.04 364 1.772
0.04 436 1.622
0.04 469 4.466
0.04 461 2.504
0.04 347 2.12
0.04 333 1.11
0.04 359 1.347
0.04 325 1.061
0.04 353 2.74
0.04 438 2.705
0.04 401 0.832
0.04 398 0.945
0.04 433 2.772
0.04 370 2.461
0.04 366 2.016
0.04 407 2.298
0.04 494 2.044
0.04 445 2.166
0.04 378 0.759
0.04 422 1.881
0.04 376 1.205
0.04 402 1.733
0.04 415 1.643
0.04 383 2.172
0.04 417 1.478
0.04 378 1.499
0.04 340 1.13
0.04 332 0.748
0.04 323 0.462
0.04 394 1.213
0.04 339 0.476
0.04 422 1.55
0.04 483 4.911
0.04 385 1.4
0.04 379 1
0.04 335 1.483
0.04 423 1.516
0.04 384 1.475
0.04 344 0.658
0.04 359 0.975
0.04 418 2.043
0.04 437 1.555
0.04 326 0.751
0.04 369 0.979
0.04 372 1.176
0.04 402 1.466
0.04 349 0.712
0.04 419 2.119
0.04 428 1.548
0.04 352 1.105
0.04 373 1.872
0.04 387 1.14
0.04 442 1.964
0.04 362 0.961
0.04 465 2.712
0.04 439 1.667
0.04 421 2.378
0.04 297 0.546
0.04 370 1.569
0.04 459 2.985
0.06 252 0.626
0.06 266 1.15
0.06 216 0.425
0.06 215 0.787
0.06 280 0.676
0.06 254 0.65
0.06 264 0.704
0.06 217 0.512
0.06 228 0.459
0.06 231 0.47
0.06 256 1.735
0.06 245 0.435
0.06 264 0.885
0.06 235 0.783
0.06 214 0.331
0.06 293 1.523
0.06 221 0.402
0.06 245 0.462
0.06 275 0.776
0.06 210 0.268
0.06 311 1.269
0.06 254 0.972
0.06 245 0.817
0.06 256 0.566
0.06 239 0.775
0.06 243 1.079
0.06 245 0.944
0.06 309 1.151
0.06 279 0.838
0.06 286 1.847
0.06 230 0.858
0.06 226 0.525
0.06 198 0.234
0.06 240 0.752
0.06 304 1.091
0.06 315 0.719
0.06 246 0.609
0.06 256 0.711
0.06 220 0.202
0.06 264 2.045
0.06 250 1.152
0.06 196 0.291
0.06 217 0.533
0.06 271 1.126
0.06 282 0.936
0.06 224 0.423
0.06 232 0.754
0.06 223 0.663
0.06 215 0.466
0.06 263 0.872
0.06 268 1.064
0.06 235 0.715
0.06 233 1.022
0.06 208 0.507
0.06 314 1.083
0.06 254 1.198
0.06 279 0.54
0.06 315 0.95
0.06 264 1.08
0.06 264 0.715
0.06 227 0.673
0.06 217 0.352
0.06 227 0.342
0.06 221 1.026
0.06 214 0.599
0.06 304 0.913
0.06 225 0.399
0.06 260 1.04
0.06 260 0.539
0.06 297 1.093
0.06 279 0.519
0.06 243 0.577
0.06 289 1.129
0.06 208 0.562
0.06 232 0.66
0.06 235 0.919
0.06 267 0.653
0.06 288 1.467
0.06 209 0.402
0.06 209 0.584
0.06 298 1.578
0.06 234 0.462
0.06 204 0.23
0.06 253 0.794
0.06 228 0.344
0.06 229 0.468
0.06 257 1.314
0.06 295 0.853
0.06 283 0.728
0.06 300 1.435
0.06 228 0.375
0.06 266 0.959
0.06 231 0.55
0.06 226 0.467
0.06 203 0.406
0.06 255 0.843
0.06 237 0.478
0.06 220 1.317
0.06 255 0.747
0.06 263 1.22
0.08 175 0.495
0.08 209 1.09
0.08 215 1.416
0.08 175 0.329
0.08 160 0.27
0.08 236 0.861
0.08 163 0.333
0.08 195 0.86
0.08 176 0.966
0.08 165 0.302
0.08 171 0.21
0.08 193 0.362
0.08 208 0.517
0.08 165 0.159
0.08 233 0.723
0.08 201 0.342
0.08 215 1.197
0.08 177 0.539
0.08 167 0.43
0.08 177 0.344
0.08 199 0.488
0.08 232 0.654
0.08 191 0.469
0.08 163 0.191
0.08 189 0.338
0.08 219 0.509
0.08 173 0.436
0.08 163 0.185
0.08 149 0.427
0.08 189 0.341
0.08 233 0.882
0.08 218 0.441
0.08 179 0.362
0.08 240 0.554
0.08 150 0.199
0.08 144 0.363
0.08 202 1.745
0.08 167 0.202
0.08 151 0.138
0.08 154 0.489
0.08 230 0.915
0.08 205 0.925
0.08 189 0.393
0.08 170 0.263
0.08 189 0.507
0.08 202 0.582
0.08 208 0.267
0.08 189 0.673
0.08 178 0.474
0.08 179 0.504
0.08 208 0.585
0.08 171 0.375
0.08 201 0.583
0.08 161 0.387
0.08 207 0.589
0.08 194 0.826
0.08 190 0.328
0.08 207 0.621
0.08 189 0.61
0.08 179 0.556
0.08 182 0.349
0.08 174 0.253
0.08 186 0.492
0.08 197 0.594
0.08 192 0.561
0.08 150 0.215
0.08 217 0.595
0.08 198 0.44
0.08 184 0.36
0.08 151 0.401
0.08 169 0.404
0.08 192 0.417
0.08 181 0.373
0.08 184 0.479
0.08 192 0.698
0.08 206 0.77
0.08 192 0.537
0.08 215 0.468
0.08 169 0.252
0.08 163 0.414
0.08 205 0.734
0.08 173 0.729
0.08 195 0.578
0.08 245 0.703
0.08 212 1.448
0.08 182 0.807
0.08 202 0.49
0.08 218 0.735
0.08 200 0.414
0.08 166 0.317
0.08 154 0.208
0.08 194 0.601
0.08 152 0.358
0.08 181 0.584
0.08 190 0.565
0.08 198 0.449
0.08 159 0.209
0.08 154 0.171
0.08 154 0.123
0.08 189 0.333
0.12 121 0.269
0.12 132 0.375
0.12 139 0.563
0.12 135 0.373
0.12 137 0.373
0.12 102 0.132
0.12 100 0.129
0.12 123 0.386
0.12 110 0.193
0.12 102 0.207
0.12 128 0.209
0.12 159 0.541
0.12 101 0.111
0.12 125 0.234
0.12 116 0.309
0.12 95 0.164
0.12 124 0.254
0.12 107 0.199
0.12 112 0.209
0.12 113 0.157
0.12 123 0.287
0.12 156 0.7
0.12 109 0.581
0.12 122 0.663
0.12 113 0.256
0.12 122 0.348
0.12 118 0.194
0.12 97 0.09
0.12 125 0.263
0.12 145 0.304
0.12 120 0.643
0.12 116 0.345
0.12 106 0.142
0.12 103 0.113
0.12 108 0.312
0.12 109 0.176
0.12 108 0.124
0.12 124 0.283
0.12 119 0.249
0.12 120 0.264
0.12 118 0.255
0.12 121 0.606
0.12 110 0.22
0.12 102 0.138
0.12 114 0.17
0.12 116 0.168
0.12 124 0.31
0.12 116 0.4
0.12 117 0.257
0.12 125 0.416
0.12 133 0.199
0.12 133 0.245
0.12 122 0.223
0.12 143 0.27
0.12 108 0.208
0.12 107 0.342
0.12 124 0.25
0.12 152 0.263
0.12 129 0.378
0.12 126 0.243
0.12 121 0.323
0.12 153 0.606
0.12 122 0.2
0.12 140 0.406
0.12 124 0.624
0.12 127 0.211
0.12 103 0.176
0.12 97 0.167
0.12 119 0.201
0.12 103 0.789
0.12 104 0.095
0.12 108 0.515
0.12 112 0.22
0.12 107 0.216
0.12 98 0.112
0.12 120 0.361
0.12 121 0.74
0.12 128 0.292
0.12 102 0.15
0.12 145 0.361
0.12 115 0.238
0.12 119 0.178
0.12 93 0.209
0.12 121 0.356
0.12 169 0.335
0.12 130 0.495
0.12 123 0.243
0.12 111 0.285
0.12 125 0.092
0.12 115 0.294
0.12 151 0.354
0.12 116 0.241
0.12 126 0.197
0.12 115 0.196
0.12 127 0.588
0.12 121 0.405
0.12 117 0.315
0.12 110 0.16
0.12 108 0.184
0.12 104 0.169
0.16 75 0.126
0.16 91 0.236
0.16 99 0.233
0.16 83 0.256
0.16 83 0.192
0.16 74 0.149
0.16 93 0.205
0.16 84 0.279
0.16 77 0.164
0.16 94 0.665
0.16 82 0.168
0.16 68 0.064
0.16 81 0.18
0.16 89 0.172
0.16 77 0.154
0.16 83 0.156
0.16 93 0.437
0.16 79 0.092
0.16 79 0.379
0.16 107 0.537
0.16 98 0.303
0.16 94 0.118
0.16 127 0.515
0.16 91 0.243
0.16 92 0.221
0.16 81 0.147
0.16 79 0.123
0.16 82 0.12
0.16 80 0.088
0.16 89 0.4
0.16 90 0.149
0.16 76 0.241
0.16 78 0.153
0.16 80 0.169
0.16 79 0.151
0.16 100 0.498
0.16 98 0.245
0.16 72 0.072
0.16 86 0.258
0.16 92 0.195
0.16 78 0.244
0.16 73 0.089
0.16 94 0.21
0.16 93 0.45
0.16 80 0.27
0.16 99 0.394
0.16 76 0.094
0.16 82 0.199
0.16 92 0.502
0.16 79 0.177
0.16 90 0.172
0.16 83 0.176
0.16 75 0.071
0.16 100 0.262
0.16 74 0.073
0.16 104 0.13
0.16 91 0.112
0.16 72 0.115
0.16 85 0.178
0.16 78 0.112
0.16 94 0.201
0.16 92 0.365
0.16 102 0.258
0.16 97 0.268
0.16 112 0.521
0.16 81 0.152
0.16 89 0.13
0.16 75 0.089
0.16 72 0.098
0.16 96 0.253
0.16 89 0.145
0.16 83 0.385
0.16 81 0.071
0.16 77 0.151
0.16 101 0.261
0.16 87 0.362
0.16 114 0.318
0.16 72 0.837
0.16 126 0.256
0.16 84 0.177
0.16 78 0.218
0.16 75 0.142
0.16 75 0.094
0.16 83 0.24
0.16 99 0.413
0.16 77 0.122
0.16 95 0.364
0.16 113 0.259
0.16 88 0.305
0.16 117 1.096
0.16 73 0.062
0.16 104 0.363
0.16 96 0.227
0.16 89 0.132
0.16 112 0.228
0.16 83 0.123
0.16 79 0.075
0.16 75 0.08
0.16 81 0.107
0.16 111 0.238
0.2 79 0.281
0.2 75 0.193
0.2 69 0.115
0.2 73 0.27
0.2 109 0.415
0.2 75 0.321
0.2 72 0.1
0.2 67 0.164
0.2 74 0.462
0.2 71 0.231
0.2 55 0.096
0.2 67 0.21
0.2 69 0.154
0.2 63 0.064
0.2 75 0.199
0.2 79 0.135
0.2 67 0.18
0.2 66 0.108
0.2 75 0.137
0.2 77 0.254
0.2 70 0.152
0.2 73 0.185
0.2 56 0.256
0.2 72 0.233
0.2 85 0.289
0.2 65 0.091
0.2 66 0.131
0.2 58 0.123
0.2 79 0.448
0.2 72 0.123
0.2 57 0.068
0.2 63 0.095
0.2 65 0.171
0.2 65 0.085
0.2 68 0.27
0.2 62 0.066
0.2 80 0.266
0.2 71 0.14
0.2 63 0.205
0.2 64 0.143
0.2 60 0.064
0.2 69 0.12
0.2 66 0.076
0.2 63 0.284
0.2 76 0.165
0.2 80 0.202
0.2 73 0.11
0.2 86 0.193
0.2 60 0.199
0.2 72 0.192
0.2 63 0.115
0.2 63 0.098
0.2 60 0.044
0.2 97 0.518
0.2 68 0.216
0.2 57 0.112
0.2 74 0.166
0.2 66 0.095
0.2 74 0.227
0.2 80 0.127
0.2 72 0.459
0.2 63 0.133
0.2 71 0.339
0.2 67 0.071
0.2 63 0.06
0.2 68 0.607
0.2 59 0.081
0.2 80 0.159
0.2 68 0.133
0.2 83 0.402
0.2 93 0.175
0.2 66 0.076
0.2 69 0.106
0.2 77 0.162
0.2 68 0.074
0.2 64 0.239
0.2 61 0.156
0.2 73 0.214
0.2 66 0.119
0.2 70 0.151
0.2 77 0.135
0.2 59 0.094
0.2 57 0.122
0.2 64 0.122
0.2 68 0.278
0.2 65 0.045
0.2 90 0.612
0.2 69 0.132
0.2 82 0.236
0.2 69 0.158
0.2 79 0.183
0.2 76 0.149
0.2 92 0.331
0.2 71 0.359
0.2 61 0.097
0.2 94 0.207
0.2 67 0.1
0.2 75 0.377
0.2 62 0.084
0.2 61 0.179
0.3 48 0.144
0.3 42 0.08
0.3 60 0.143
0.3 43 0.056
0.3 58 0.228
0.3 46 0.109
0.3 45 0.076
0.3 64 0.275
0.3 53 0.149
0.3 41 0.116
0.3 45 0.117
0.3 43 0.055
0.3 40 0.036
0.3 48 0.12
0.3 62 0.234
0.3 50 0.13
0.3 53 0.203
0.3 50 0.068
0.3 51 0.258
0.3 46 0.061
0.3 40 0.046
0.3 45 0.051
0.3 57 0.399
0.3 45 0.048
0.3 51 0.151
0.3 39 0.054
0.3 50 0.102
0.3 51 0.189
0.3 37 0.049
0.3 51 0.113
0.3 58 0.25
0.3 46 0.066
0.3 38 0.063
0.3 48 0.14
0.3 41 0.069
0.3 60 0.142
0.3 37 0.057
0.3 59 0.214
0.3 40 0.043
0.3 56 0.207
0.3 42 0.077
0.3 49 0.115
0.3 41 0.066
0.3 51 0.102
0.3 52 0.125
0.3 44 0.085
0.3 49 0.184
0.3 42 0.141
0.3 42 0.084
0.3 53 0.121
0.3 45 0.063
0.3 37 0.131
0.3 56 0.119
0.3 47 0.133
0.3 45 0.077
0.3 44 0.086
0.3 40 0.058
0.3 56 0.124
0.3 64 0.328
0.3 45 0.117
0.3 52 0.094
0.3 57 0.217
0.3 50 0.183
0.3 43 0.058
0.3 36 0.041
0.3 40 0.059
0.3 58 0.18
0.3 51 0.111
0.3 47 0.077
0.3 44 0.202
0.3 55 0.138
0.3 40 0.105
0.3 42 0.108
0.3 47 0.169
0.3 48 0.09
0.3 62 0.168
0.3 50 0.178
0.3 39 0.057
0.3 68 0.272
0.3 52 0.23
0.3 49 0.075
0.3 36 0.101
0.3 48 0.092
0.3 46 0.127
0.3 50 0.103
0.3 44 0.098
0.3 60 0.578
0.3 59 0.284
0.3 53 0.168
0.3 51 0.208
0.3 41 0.15
0.3 53 0.121
0.3 52 0.109
0.3 41 0.051
0.3 62 0.116
0.3 53 0.066
0.3 46 0.138
0.3 49 0.238
0.3 46 0.057
0.3 61 0.107
0.4 30 0.041
0.4 36 0.085
0.4 31 0.061
0.4 49 0.23
0.4 36 0.06
0.4 34 0.069
0.4 36 0.047
0.4 39 0.12
0.4 30 0.032
0.4 31 0.036
0.4 29 0.025
0.4 44 0.127
0.4 41 0.217
0.4 32 0.079
0.4 32 0.098
0.4 39 0.159
0.4 34 0.409
0.4 31 0.052
0.4 31 0.04
0.4 38 0.098
0.4 34 0.181
0.4 46 0.142
0.4 34 0.053
0.4 32 0.077
0.4 35 0.077
0.4 46 0.203
0.4 41 0.53
0.4 39 0.229
0.4 32 0.066
0.4 40 0.104
0.4 32 0.055
0.4 48 0.234
0.4 41 0.109
0.4 35 0.067
0.4 33 0.087
0.4 31 0.033
0.4 43 0.127
0.4 35 0.092
0.4 30 0.047
0.4 34 0.083
0.4 36 0.058
0.4 31 0.04
0.4 33 0.061
0.4 32 0.031
0.4 32 0.054
0.4 34 0.096
0.4 43 0.101
0.4 30 0.07
0.4 30 0.044
0.4 29 0.034
0.4 37 0.091
0.4 30 0.034
0.4 31 0.038
0.4 41 0.159
0.4 29 0.032
0.4 40 0.135
0.4 36 0.125
0.4 34 0.057
0.4 35 0.112
0.4 34 0.062
0.4 35 0.079
0.4 33 0.064
0.4 33 0.061
0.4 35 0.072
0.4 30 0.059
0.4 35 0.156
0.4 28 0.058
0.4 31 0.15
0.4 36 0.112
0.4 39 0.097
0.4 35 0.055
0.4 38 0.195
0.4 29 0.037
0.4 38 0.125
0.4 34 0.053
0.4 34 0.066
0.4 43 0.141
0.4 38 0.095
0.4 40 0.114
0.4 32 0.057
0.4 32 0.03
0.4 49 0.309
0.4 42 0.137
0.4 35 0.06
0.4 34 0.126
0.4 29 0.04
0.4 36 0.119
0.4 34 0.211
0.4 36 0.105
0.4 29 0.084
0.4 29 0.041
0.4 31 0.088
0.4 34 0.064
0.4 30 0.059
0.4 33 0.043
0.4 36 0.094
0.4 40 0.101
0.4 37 0.111
0.4 34 0.064
0.4 29 0.049
0.5 35 0.282
0.5 33 0.229
0.5 25 0.058
0.5 28 0.053
0.5 25 0.041
0.5 28 0.058
0.5 27 0.075
0.5 26 0.092
0.5 26 0.162
0.5 46 0.208
0.5 25 0.078
0.5 36 0.167
0.5 27 0.066
0.5 25 0.094
0.5 31 0.076
0.5 24 0.054
0.5 36 0.146
0.5 26 0.049
0.5 36 0.114
0.5 30 0.124
0.5 22 0.052
0.5 49 0.137
0.5 25 0.035
0.5 27 0.059
0.5 35 0.168
0.5 37 0.178
0.5 28 0.094
0.5 25 0.048
0.5 28 0.046
0.5 32 0.085
0.5 27 0.094
0.5 28 0.069
0.5 29 0.065
0.5 35 0.33
0.5 28 0.055
0.5 31 0.108
0.5 30 0.086
0.5 36 0.116
0.5 25 0.033
0.5 28 0.062
0.5 32 0.129
0.5 22 0.033
0.5 24 0.031
0.5 29 0.053
0.5 26 0.116
0.5 29 0.065
0.5 31 0.06
0.5 38 0.083
0.5 29 0.035
0.5 30 0.065
0.5 27 0.059
0.5 24 0.07
0.5 25 0.046
0.5 36 0.127
0.5 27 0.066
0.5 50 0.134
0.5 32 0.095
0.5 30 0.038
0.5 26 0.03
0.5 26 0.039
0.5 32 0.064
0.5 35 0.16
0.5 31 0.047
0.5 27 0.07
0.5 32 0.062
0.5 28 0.157
0.5 31 0.062
0.5 33 0.064
0.5 33 0.066
0.5 28 0.11
0.5 28 0.128
0.5 25 0.04
0.5 32 0.101
0.5 40 0.387
0.5 32 0.1
0.5 26 0.037
0.5 34 0.109
0.5 27 0.182
0.5 46 0.281
0.5 28 0.057
0.5 28 0.095
0.5 27 0.112
0.5 26 0.055
0.5 30 0.18
0.5 28 0.065
0.5 27 0.055
0.5 26 0.088
0.5 30 0.052
0.5 35 0.173
0.5 33 0.118
0.5 26 0.097
0.5 30 0.083
0.5 25 0.038
0.5 24 0.196
0.5 31 0.106
0.5 27 0.079
0.5 29 0.113
0.5 29 0.379
0.5 32 0.058
0.5 23 0.042
