0.02 851 5.932
0.02 782 6.168
0.02 797 5.133
0.02 785 6.944
0.02 829 4.406
0.02 770 4.292
0.02 800 6.138
0.02 654 2.238
0.02 858 4.72
0.02 661 3.326
0.02 776 3.394
0.02 876 5.259
0.02 858 4.573
0.02 736 4.319
0.02 785 7.238
0.02 745 4.927
0.02 693 1.497
0.02 787 3.388
0.02 808 5.565
0.02 820 6.76
0.02 733 2.857
0.02 870 5.182
0.02 831 4.936
0.02 875 3.401
0.02 735 4.946
0.02 797 3.552
0.02 790 4.615
0.02 733 3.848
0.02 830 4.781
0.02 922 6.182
0.02 883 5.479
0.02 912 6.257
0.02 645 4.134
0.02 806 5.783
0.02 694 2.799
0.02 736 4.422
0.02 730 3.371
0.02 904 5.628
0.02 733 4.644
0.02 633 5.581
0.02 840 7.062
0.02 733 5.924
0.02 657 2.901
0.02 859 4.802
0.02 900 6.382
0.02 829 5.251
0.02 799 7.023
0.02 653 1.866
0.02 691 4.362
0.02 835 6.653
0.02 836 4.92
0.02 757 5.489
0.02 736 5.655
0.02 760 5.135
0.02 886 6.682
0.02 926 6.623
0.02 898 10.414
0.02 903 3.254
0.02 920 5.655
0.02 768 4.132
0.02 686 2.381
0.02 889 6.382
0.02 853 5.32
0.02 762 4.644
0.02 725 2.519
0.02 741 6.141
0.02 962 6.259
0.02 660 3.356
0.02 800 3.22
0.02 828 5.971
0.02 873 5.221
0.02 811 4.287
0.02 805 6.524
0.02 931 6.256
0.02 806 5.772
0.02 731 3.274
0.02 798 4.442
0.02 811 4.896
0.02 829 4.444
0.02 795 5.339
0.02 790 6.12
0.02 837 6.043
0.02 788 4.315
0.02 851 4.952
0.02 864 4.856
0.02 805 5.1
0.02 739 2.782
0.02 863 4.715
0.02 840 5.57
0.02 732 3.139
0.02 813 3.365
0.02 693 4.353
0.02 801 5.503
0.02 770 4.215
0.02 681 3.119
0.02 916 4.475
0.02 843 4.62
0.02 794 4.093
0.02 885 4.351
0.02 825 5.197
0.04 401 2.49
0.04 392 1.581
0.04 403 0.978
0.04 374 0.972
0.04 368 1.189
0.04 387 2.132
0.04 356 0.768
0.04 325 0.781
0.04 429 3.016
0.04 364 1.919
0.04 305 1.059
0.04 443 2.102
0.04 401 2.224
0.04 479 3.574
0.04 346 1.923
0.04 364 1.527
0.04 409 1.835
0.04 409 1.088
0.04 404 2.019
0.04 325 1.382
0.04 388 1.29
0.04 318 0.461
0.04 447 1.569
0.04 440 1.67
0.04 486 1.814
0.04 492 2.091
0.04 353 1.201
0.04 335 0.749
0.04 319 1.254
0.04 436 1.804
0.04 521 1.687
0.04 378 1.176
0.04 343 0.866
0.04 368 0.844
0.04 319 0.583
0.04 315 0.526
0.04 530 2.497
0.04 455 2.306
0.04 362 1.196
0.04 317 0.516
0.04 341 1.008
0.04 391 1.633
0.04 406 1.096
0.04 449 1.786
0.04 366 0.959
0.04 408 1.965
0.04 417 1.4
0.04 460 2.071
0.04 296 1.691
0.04 324 0.857
0.04 494 2.66
0.04 325 0.918
0.04 344 0.995
0.04 418 2.267
0.04 433 2.089
0.04 332 0.449
0.04 565 3.266
0.04 430 1.622
0.04 337 0.954
0.04 469 2.123
0.04 386 1.152
0.04 435 2.834
0.04 367 0.876
0.04 343 1.823
0.04 397 1.663
0.04 482 1.984
0.04 427 2.212
0.04 511 1.433
0.04 368 1.493
0.04 343 0.937
0.04 402 1.13
0.04 405 1.959
0.04 428 1.849
0.04 322 0.652
0.04 347 1.147
0.04 403 1.648
0.04 370 1.305
0.04 365 1.067
0.04 346 0.75
0.04 385 2.761
0.04 425 1.751
0.04 342 1.163
0.04 411 1.21
0.04 378 1.915
0.04 337 0.726
0.04 432 1.547
0.04 449 2.472
0.04 329 0.473
0.04 376 1.365
0.04 472 2.152
0.04 450 2.089
0.04 348 1.004
0.04 359 0.515
0.04 365 1.264
0.04 450 2.345
0.04 333 1.874
0.04 441 2.119
0.04 351 0.967
0.04 387 1.032
0.04 386 1.591
0.08 154 0.555
0.08 172 0.442
0.08 189 0.804
0.08 218 0.604
0.08 153 0.135
0.08 207 0.339
0.08 178 0.468
0.08 180 0.537
0.08 148 0.564
0.08 178 0.354
0.08 247 0.451
0.08 188 0.672
0.08 184 0.344
0.08 216 0.679
0.08 219 1.593
0.08 164 0.552
0.08 206 0.519
0.08 193 0.9
0.08 162 0.255
0.08 224 1.372
0.08 178 0.953
0.08 220 1.117
0.08 176 0.318
0.08 176 0.638
0.08 202 0.681
0.08 172 0.432
0.08 183 0.319
0.08 158 0.65
0.08 155 0.213
0.08 242 0.796
0.08 170 0.385
0.08 228 0.633
0.08 202 0.393
0.08 185 0.516
0.08 189 0.606
0.08 198 0.3
0.08 145 0.127
0.08 168 0.255
0.08 170 0.499
0.08 191 0.531
0.08 183 0.535
0.08 191 0.38
0.08 187 0.324
0.08 159 0.275
0.08 175 0.578
0.08 171 0.578
0.08 146 1.053
0.08 218 0.496
0.08 150 0.153
0.08 213 0.96
0.08 204 0.693
0.08 223 0.687
0.08 180 0.339
0.08 167 0.182
0.08 208 0.411
0.08 164 0.508
0.08 153 0.172
0.08 217 0.615
0.08 199 0.441
0.08 190 0.591
0.08 209 0.456
0.08 179 0.365
0.08 153 0.142
0.08 188 0.456
0.08 163 0.764
0.08 195 0.739
0.08 202 0.696
0.08 148 0.167
0.08 284 1.67
0.08 190 0.445
0.08 183 1.148
0.08 187 0.633
0.08 163 0.486
0.08 174 0.583
0.08 221 1.27
0.08 179 0.38
0.08 199 0.362
0.08 172 0.392
0.08 157 0.269
0.08 156 0.199
0.08 181 0.365
0.08 181 0.425
0.08 183 0.462
0.08 158 0.201
0.08 182 0.505
0.08 159 0.356
0.08 153 0.757
0.08 193 0.722
0.08 174 0.508
0.08 169 0.579
0.08 163 0.548
0.08 168 0.219
0.08 189 0.346
0.08 205 0.655
0.08 177 1.078
0.08 191 0.47
0.08 167 0.213
0.08 193 0.436
0.08 235 0.878
0.08 180 0.438
0.12 137 0.797
0.12 110 0.183
0.12 110 0.201
0.12 107 0.162
0.12 151 0.462
0.12 129 0.627
0.12 127 0.215
0.12 141 0.626
0.12 101 0.222
0.12 105 0.316
0.12 110 0.185
0.12 117 0.251
0.12 129 0.415
0.12 102 0.155
0.12 152 0.314
0.12 120 0.302
0.12 133 0.286
0.12 114 0.339
0.12 154 0.329
0.12 121 0.23
0.12 124 0.382
0.12 117 0.231
0.12 154 0.29
0.12 105 0.22
0.12 101 0.089
0.12 116 0.746
0.12 133 0.217
0.12 99 0.228
0.12 104 0.148
0.12 147 0.447
0.12 148 0.773
0.12 153 1.095
0.12 104 0.106
0.12 118 0.219
0.12 106 0.27
0.12 110 0.24
0.12 123 0.361
0.12 128 0.192
0.12 111 0.229
0.12 154 0.842
0.12 95 0.109
0.12 109 0.267
0.12 102 0.111
0.12 120 0.183
0.12 118 0.221
0.12 103 0.16
0.12 117 0.538
0.12 125 0.464
0.12 131 0.508
0.12 108 0.15
0.12 136 0.378
0.12 160 0.422
0.12 118 0.347
0.12 116 0.177
0.12 112 0.146
0.12 93 0.059
0.12 107 0.498
0.12 113 0.149
0.12 121 0.215
0.12 119 0.468
0.12 102 0.202
0.12 102 0.144
0.12 105 0.394
0.12 121 0.252
0.12 121 0.247
0.12 119 0.171
0.12 136 0.405
0.12 118 0.181
0.12 97 0.075
0.12 150 0.278
0.12 126 0.208
0.12 141 0.623
0.12 139 0.358
0.12 118 0.299
0.12 100 0.265
0.12 119 0.152
0.12 117 0.335
0.12 119 0.307
0.12 116 0.37
0.12 116 0.326
0.12 105 0.13
0.12 143 1.009
0.12 120 0.275
0.12 92 0.136
0.12 101 0.233
0.12 132 0.294
0.12 146 0.528
0.12 104 0.29
0.12 120 0.326
0.12 114 0.156
0.12 105 0.166
0.12 124 0.382
0.12 123 0.262
0.12 144 0.527
0.12 115 0.177
0.12 128 0.35
0.12 104 0.177
0.12 110 0.257
0.12 136 0.638
0.12 97 0.057
0.2 68 0.156
0.2 71 0.14
0.2 62 0.062
0.2 70 0.119
0.2 65 0.115
0.2 71 0.194
0.2 59 0.151
0.2 76 0.205
0.2 62 0.108
0.2 76 0.143
0.2 73 0.139
0.2 82 0.813
0.2 65 0.177
0.2 67 0.365
0.2 84 0.305
0.2 62 0.156
0.2 69 0.125
0.2 59 0.097
0.2 63 0.136
0.2 59 0.075
0.2 56 0.068
0.2 62 0.106
0.2 58 0.352
0.2 63 0.067
0.2 62 0.207
0.2 64 0.124
0.2 65 0.097
0.2 72 0.152
0.2 64 0.265
0.2 93 0.293
0.2 75 0.21
0.2 72 0.174
0.2 78 0.216
0.2 67 0.109
0.2 56 0.034
0.2 84 0.201
0.2 67 0.189
0.2 72 0.205
0.2 55 0.045
0.2 60 0.14
0.2 66 0.648
0.2 63 0.532
0.2 83 0.155
0.2 87 0.166
0.2 67 0.116
0.2 74 0.114
0.2 63 0.126
0.2 75 0.205
0.2 68 0.105
0.2 64 0.115
0.2 67 0.074
0.2 57 0.081
0.2 74 0.11
0.2 79 0.423
0.2 78 0.09
0.2 86 0.374
0.2 62 0.089
0.2 59 0.055
0.2 73 0.068
0.2 70 0.117
0.2 67 0.143
0.2 60 0.183
0.2 74 0.121
0.2 67 0.113
0.2 60 0.098
0.2 77 0.413
0.2 69 0.222
0.2 66 0.198
0.2 76 0.126
0.2 61 0.129
0.2 67 0.125
0.2 63 0.093
0.2 72 0.272
0.2 65 0.103
0.2 67 0.093
0.2 57 0.077
0.2 82 0.132
0.2 58 0.086
0.2 58 0.071
0.2 55 0.076
0.2 73 0.211
0.2 68 0.167
0.2 80 0.138
0.2 57 0.083
0.2 71 0.111
0.2 77 0.232
0.2 60 0.153
0.2 62 0.174
0.2 63 0.07
0.2 65 0.376
0.2 68 0.119
0.2 70 0.131
0.2 74 0.142
0.2 63 0.164
0.2 56 0.192
0.2 84 0.176
0.2 55 0.048
0.2 80 0.162
0.2 78 0.184
0.2 58 0.086
0.3 45 0.117
0.3 51 0.124
0.3 48 0.092
0.3 50 0.163
0.3 52 0.072
0.3 56 0.116
0.3 46 0.079
0.3 42 0.071
0.3 38 0.048
0.3 36 0.028
0.3 56 0.106
0.3 37 0.035
0.3 56 0.219
0.3 51 0.144
0.3 38 0.04
0.3 46 0.143
0.3 54 0.114
0.3 43 0.105
0.3 43 0.264
0.3 44 0.058
0.3 53 0.102
0.3 48 0.141
0.3 46 0.131
0.3 65 0.11
0.3 45 0.64
0.3 44 0.082
0.3 41 0.063
0.3 56 0.27
0.3 46 0.084
0.3 35 0.05
0.3 38 0.055
0.3 43 0.077
0.3 45 0.119
0.3 46 0.213
0.3 48 0.122
0.3 44 0.091
0.3 71 0.253
0.3 36 0.04
0.3 39 0.047
0.3 47 0.139
0.3 45 0.156
0.3 45 0.167
0.3 45 0.076
0.3 39 0.08
0.3 37 0.049
0.3 59 0.072
0.3 66 0.218
0.3 44 0.082
0.3 46 0.056
0.3 65 0.163
0.3 41 0.108
0.3 55 0.093
0.3 54 0.093
0.3 57 0.093
0.3 56 0.257
0.3 50 0.196
0.3 51 0.085
0.3 49 0.133
0.3 39 0.069
0.3 58 0.237
0.3 45 0.17
0.3 44 0.052
0.3 47 0.105
0.3 56 0.095
0.3 45 0.109
0.3 37 0.049
0.3 39 0.089
0.3 43 0.054
0.3 41 0.05
0.3 53 0.182
0.3 45 0.075
0.3 49 0.084
0.3 53 0.121
0.3 49 0.085
0.3 51 0.132
0.3 65 0.329
0.3 43 0.078
0.3 50 0.134
0.3 42 0.056
0.3 43 0.051
0.3 43 0.144
0.3 55 0.124
0.3 46 0.099
0.3 51 0.101
0.3 42 0.137
0.3 44 0.086
0.3 48 0.131
0.3 47 0.12
0.3 59 0.38
0.3 51 0.104
0.3 53 0.197
0.3 50 0.101
0.3 49 0.077
0.3 48 0.131
0.3 42 0.054
0.3 43 0.123
0.3 61 0.192
0.3 52 0.1
0.3 46 0.088
0.3 51 0.137
0.4 60 0.134
0.4 36 0.083
0.4 30 0.032
0.4 40 0.062
0.4 35 0.076
0.4 29 0.038
0.4 37 0.124
0.4 56 0.125
0.4 33 0.114
0.4 30 0.066
0.4 40 0.102
0.4 34 0.095
0.4 33 0.061
0.4 38 0.098
0.4 30 0.028
0.4 40 0.208
0.4 38 0.096
0.4 52 0.18
0.4 33 0.127
0.4 42 0.368
0.4 33 0.063
0.4 33 0.088
0.4 30 0.062
0.4 43 0.175
0.4 37 0.111
0.4 39 0.11
0.4 49 0.127
0.4 31 0.051
0.4 40 0.161
0.4 30 0.08
0.4 28 0.059
0.4 42 0.106
0.4 36 0.106
0.4 38 0.053
0.4 31 0.042
0.4 27 0.035
0.4 30 0.049
0.4 33 0.063
0.4 37 0.115
0.4 37 0.182
0.4 41 0.475
0.4 30 0.073
0.4 31 0.098
0.4 35 0.157
0.4 36 0.083
0.4 37 0.145
0.4 28 0.058
0.4 36 0.099
0.4 41 0.2
0.4 41 0.142
0.4 39 0.083
0.4 36 0.463
0.4 38 0.192
0.4 31 0.044
0.4 31 0.04
0.4 41 0.143
0.4 28 0.025
0.4 35 0.123
0.4 50 0.206
0.4 34 0.115
0.4 31 0.078
0.4 34 0.113
0.4 40 0.112
0.4 33 0.251
0.4 34 0.228
0.4 34 0.066
0.4 30 0.167
0.4 34 0.104
0.4 37 0.056
0.4 34 0.057
0.4 40 0.16
0.4 40 0.183
0.4 30 0.043
0.4 41 0.314
0.4 29 0.1
0.4 32 0.083
0.4 39 0.118
0.4 32 0.137
0.4 32 0.053
0.4 34 0.068
0.4 35 0.094
0.4 43 0.143
0.4 31 0.055
0.4 36 0.058
0.4 32 0.065
0.4 30 0.09
0.4 34 0.067
0.4 36 0.154
0.4 32 0.079
0.4 40 0.104
0.4 37 0.073
0.4 32 0.044
0.4 31 0.055
0.4 33 0.079
0.4 39 0.157
0.4 28 0.058
0.4 39 0.19
0.4 41 0.17
0.4 29 0.029
0.4 35 0.097
0.5 33 0.085
0.5 29 0.053
0.5 27 0.043
0.5 26 0.051
0.5 29 0.108
0.5 25 0.046
0.5 31 0.1
0.5 26 0.041
0.5 28 0.13
0.5 44 0.122
0.5 28 0.08
0.5 35 0.123
0.5 48 1.026
0.5 39 0.179
0.5 27 0.065
0.5 28 0.044
0.5 25 0.057
0.5 25 0.037
0.5 24 0.051
0.5 25 0.028
0.5 25 0.054
0.5 34 0.07
0.5 24 0.04
0.5 34 0.12
0.5 25 0.048
0.5 28 0.079
0.5 29 0.059
0.5 35 0.063
0.5 28 0.086
0.5 32 0.073
0.5 26 0.136
0.5 27 0.089
0.5 28 0.058
0.5 43 0.217
0.5 32 0.141
0.5 23 0.042
0.5 33 0.074
0.5 27 0.039
0.5 24 0.039
0.5 23 0.049
0.5 35 0.095
0.5 23 0.031
0.5 35 0.107
0.5 31 0.105
0.5 31 0.068
0.5 39 0.079
0.5 24 0.031
0.5 33 0.078
0.5 25 0.038
0.5 31 0.074
0.5 29 0.134
0.5 27 0.065
0.5 25 0.03
0.5 24 0.039
0.5 29 0.097
0.5 31 0.073
0.5 29 0.057
0.5 37 0.096
0.5 26 0.057
0.5 27 0.07
0.5 23 0.052
0.5 34 0.138
0.5 24 0.029
0.5 24 0.058
0.5 39 0.118
0.5 27 0.107
0.5 29 0.051
0.5 30 0.076
0.5 27 0.048
0.5 25 0.058
0.5 27 0.04
0.5 30 0.073
0.5 26 0.047
0.5 26 0.068
0.5 34 0.067
0.5 27 0.049
0.5 36 0.075
0.5 28 0.044
0.5 33 0.054
0.5 25 0.057
0.5 26 0.039
0.5 26 0.041
0.5 30 0.056
0.5 31 0.262
0.5 32 0.048
0.5 33 0.105
0.5 28 0.055
0.5 33 0.133
0.5 26 0.059
0.5 27 0.063
0.5 25 0.044
0.5 25 0.037
0.5 23 0.045
0.5 36 0.213
0.5 44 0.2
0.5 26 0.037
0.5 26 0.023
0.5 29 0.073
0.5 36 0.109
0.5 32 0.16
0.7 22 0.052
0.7 19 0.06
0.7 17 0.097
0.7 18 0.031
0.7 22 0.058
0.7 18 0.043
0.7 19 0.047
0.7 24 0.157
0.7 27 0.078
0.7 22 0.109
0.7 24 0.074
0.7 19 0.064
0.7 32 0.146
0.7 23 0.083
0.7 21 0.051
0.7 22 0.142
0.7 19 0.029
0.7 21 0.064
0.7 18 0.06
0.7 18 0.032
0.7 21 0.055
0.7 23 0.077
0.7 23 0.068
0.7 22 0.052
0.7 25 0.075
0.7 22 0.053
0.7 23 0.065
0.7 16 0.02
0.7 25 0.124
0.7 19 0.079
0.7 17 0.021
0.7 26 0.088
0.7 26 0.135
0.7 17 0.066
0.7 22 0.057
0.7 27 0.11
0.7 23 0.078
0.7 21 0.037
0.7 19 0.043
0.7 19 0.054
0.7 18 0.033
0.7 22 0.152
0.7 20 0.052
0.7 23 0.087
0.7 24 0.083
0.7 19 0.109
0.7 19 0.069
0.7 21 0.101
0.7 20 0.062
0.7 27 0.079
0.7 20 0.072
0.7 16 0.024
0.7 29 0.063
0.7 19 0.092
0.7 17 0.06
0.7 23 0.059
0.7 24 0.046
0.7 21 0.061
0.7 19 0.032
0.7 16 0.021
0.7 17 0.023
0.7 21 0.039
0.7 19 0.032
0.7 19 0.034
0.7 20 0.087
0.7 17 0.025
0.7 23 0.057
0.7 18 0.045
0.7 17 0.018
0.7 21 0.049
0.7 20 0.052
0.7 20 0.055
0.7 24 0.121
0.7 17 0.035
0.7 27 0.055
0.7 30 0.127
0.7 18 0.039
0.7 18 0.078
0.7 29 0.079
0.7 24 0.044
0.7 20 0.036
0.7 20 0.06
0.7 20 0.034
0.7 20 0.034
0.7 17 0.032
0.7 25 0.136
0.7 19 0.039
0.7 25 0.052
0.7 18 0.064
0.7 18 0.049
0.7 17 0.03
0.7 17 0.028
0.7 18 0.075
0.7 23 0.121
0.7 19 0.07
0.7 22 0.073
0.7 22 0.082
0.7 25 0.121
0.7 24 0.154
0.7 27 0.11
1 11 0.017
1 12 0.03
1 15 0.025
1 11 0.016
1 17 0.12
1 13 0.02
1 19 0.046
1 18 0.05
1 15 0.032
1 15 0.05
1 14 0.025
1 14 0.08
1 20 0.139
1 19 0.069
1 14 0.028
1 16 0.044
1 13 0.063
1 15 0.031
1 20 0.065
1 19 0.112
1 14 0.033
1 15 0.054
1 14 0.042
1 16 0.045
1 12 0.045
1 17 0.053
1 15 0.028
1 13 0.062
1 17 0.058
1 19 0.051
1 13 0.064
1 16 0.068
1 15 0.04
1 14 0.093
1 14 0.053
1 17 0.184
1 16 0.04
1 15 0.033
1 18 0.141
1 13 0.048
1 12 0.028
1 15 0.048
1 18 0.034
1 12 0.028
1 16 0.047
1 14 0.035
1 14 0.027
1 14 0.106
1 19 0.074
1 20 0.105
1 13 0.038
1 13 0.026
1 13 0.078
1 13 0.032
1 15 0.047
1 13 0.029
1 12 0.032
1 17 0.05
1 23 0.082
1 12 0.03
1 16 0.045
1 12 0.025
1 13 0.034
1 14 0.048
1 13 0.028
1 14 0.051
1 13 0.042
1 16 0.04
1 12 0.03
1 18 0.113
1 12 0.021
1 17 0.054
1 17 0.069
1 20 0.198
1 13 0.041
1 15 0.056
1 15 0.082
1 16 0.055
1 12 0.036
1 12 0.03
1 17 0.071
1 15 0.082
1 18 0.079
1 12 0.038
1 13 0.069
1 14 0.04
1 15 0.044
1 14 0.047
1 18 0.081
1 19 0.045
1 16 0.047
1 16 0.061
1 12 0.027
1 16 0.06
1 17 0.053
1 16 0.038
1 12 0.036
1 12 0.028
1 14 0.03
1 15 0.166
1.5 12 0.039
1.5 13 0.088
1.5 11 0.037
1.5 13 0.035
1.5 10 0.062
1.5 11 0.06
1.5 14 0.13
1.5 10 0.03
1.5 11 0.063
1.5 12 0.046
1.5 10 0.03
1.5 10 0.048
1.5 15 0.11
1.5 9 0.02
1.5 10 0.037
1.5 13 0.053
1.5 11 0.109
1.5 13 0.044
1.5 12 0.038
1.5 12 0.051
1.5 13 0.046
1.5 12 0.091
1.5 11 0.047
1.5 14 0.075
1.5 9 0.023
1.5 9 0.059
1.5 10 0.037
1.5 12 0.044
1.5 15 0.062
1.5 14 0.056
1.5 12 0.049
1.5 9 0.023
1.5 12 0.044
1.5 10 0.032
1.5 12 0.068
1.5 12 0.032
1.5 17 0.059
1.5 12 0.038
1.5 9 0.021
1.5 13 0.051
1.5 10 0.024
1.5 10 0.059
1.5 14 0.079
1.5 10 0.032
1.5 14 0.046
1.5 11 0.039
1.5 11 0.058
1.5 9 0.028
1.5 12 0.052
1.5 12 0.043
1.5 10 0.034
1.5 13 0.047
1.5 10 0.045
1.5 14 0.038
1.5 13 0.037
1.5 10 0.096
1.5 10 0.047
1.5 13 0.055
1.5 9 0.025
1.5 10 0.034
1.5 11 0.028
1.5 8 0.025
1.5 11 0.054
1.5 9 0.025
1.5 17 0.087
1.5 12 0.039
1.5 11 0.036
1.5 12 0.08
1.5 11 0.029
1.5 10 0.117
1.5 9 0.025
1.5 9 0.031
1.5 13 0.032
1.5 12 0.044
1.5 11 0.039
1.5 9 0.057
1.5 10 0.058
1.5 10 0.025
1.5 11 0.067
1.5 10 0.045
1.5 11 0.074
1.5 11 0.033
1.5 10 0.028
1.5 10 0.1
1.5 15 0.075
1.5 10 0.065
1.5 9 0.025
1.5 9 0.027
1.5 14 0.161
1.5 10 0.035
1.5 14 0.083
1.5 13 0.037
1.5 11 0.034
1.5 9 0.023
1.5 11 0.027
1.5 11 0.037
1.5 12 0.088
1.5 11 0.046
1.5 8 0.027
1.5 10 0.037
2 10 0.086
2 10 0.176
2 7 0.025
2 9 0.051
2 8 0.03
2 10 0.081
2 7 0.024
2 8 0.039
2 12 0.066
2 9 0.057
2 12 0.08
2 10 0.031
2 9 0.065
2 9 0.084
2 10 0.049
2 9 0.041
2 8 0.034
2 8 0.057
2 12 0.097
2 10 0.078
2 10 0.124
2 9 0.083
2 9 0.027
2 10 0.066
2 9 0.038
2 8 0.037
2 8 0.042
2 10 0.038
2 9 0.036
2 9 0.053
2 10 0.041
2 9 0.077
2 9 0.041
2 10 0.047
2 10 0.055
2 11 0.112
2 8 0.029
2 9 0.041
2 8 0.046
2 11 0.068
2 9 0.046
2 8 0.038
2 8 0.05
2 8 0.068
2 8 0.026
2 8 0.033
2 9 0.071
2 10 0.034
2 9 0.032
2 12 0.076
2 8 0.044
2 7 0.03
2 10 0.035
2 11 0.041
2 9 0.053
2 7 0.034
2 7 0.022
2 11 0.052
2 13 0.1
2 10 0.034
2 8 0.021
2 7 0.031
2 8 0.038
2 10 0.048
2 8 0.038
2 11 0.107
2 8 0.032
2 9 0.029
2 7 0.05
2 10 0.057
2 8 0.048
2 10 0.08
2 7 0.022
2 9 0.053
2 10 0.052
2 9 0.112
2 8 0.023
2 9 0.111
2 9 0.054
2 13 0.081
2 7 0.033
2 8 0.126
2 10 0.051
2 11 0.066
2 7 0.024
2 9 0.042
2 8 0.06
2 10 0.082
2 8 0.036
2 10 0.048
2 12 0.115
2 10 0.056
2 10 0.042
2 9 0.03
2 12 0.069
2 8 0.037
2 12 0.05
2 12 0.059
2 9 0.062
2 11 0.103
3 7 0.022
3 7 0.045
3 6 0.025
3 9 0.073
3 7 0.051
3 8 0.081
3 7 0.086
3 9 0.096
3 12 0.114
3 9 0.092
3 8 0.064
3 6 0.024
3 7 0.042
3 9 0.081
3 7 0.118
3 9 0.11
3 7 0.064
3 10 0.102
3 6 0.073
3 8 0.211
3 7 0.064
3 8 0.112
3 8 0.051
3 7 0.054
3 10 0.164
3 6 0.099
3 6 0.02
3 9 0.131
3 6 0.088
3 8 0.147
3 7 0.063
3 9 0.063
3 5 0.048
3 10 0.118
3 8 0.147
3 7 0.081
3 6 0.044
3 7 0.063
3 9 0.121
3 6 0.064
3 9 0.095
3 8 0.035
3 7 0.032
3 6 0.112
3 6 0.02
3 7 0.039
3 8 0.073
3 7 0.039
3 6 0.036
3 7 0.051
3 8 0.137
3 5 0.022
3 6 0.038
3 9 0.121
3 8 0.064
3 6 0.058
3 8 0.156
3 7 0.072
3 8 0.054
3 6 0.044
3 8 0.068
3 9 0.102
3 7 0.064
3 6 0.032
3 7 0.044
3 11 0.141
3 10 0.056
3 8 0.071
3 7 0.048
3 7 0.115
3 6 0.062
3 6 0.098
3 7 0.048
3 7 0.031
3 7 0.054
3 6 0.038
3 10 0.168
3 6 0.047
3 9 0.102
3 6 0.064
3 6 0.031
3 6 0.039
3 8 0.064
3 8 0.069
3 9 0.111
3 7 0.033
3 7 0.09
3 7 0.042
3 8 0.157
3 7 0.074
3 9 0.086
3 6 0.061
3 7 0.077
3 9 0.061
3 9 0.064
3 12 0.09
3 10 0.081
3 5 0.028
3 6 0.089
3 8 0.089
4 6 0.048
4 5 0.053
4 7 0.061
4 5 0.026
4 6 0.03
4 10 0.165
4 7 0.067
4 5 0.078
4 7 0.111
4 6 0.056
4 7 0.11
4 6 0.114
4 6 0.086
4 6 0.033
4 7 0.056
4 6 0.175
4 5 0.033
4 10 0.1
4 6 0.062
4 7 0.113
4 8 0.132
4 9 0.053
4 6 0.032
4 8 0.059
4 6 0.034
4 6 0.078
4 8 0.052
4 6 0.057
4 7 0.077
4 6 0.065
4 5 0.054
4 5 0.075
4 6 0.046
4 6 0.041
4 7 0.077
4 6 0.023
4 8 0.127
4 5 0.096
4 11 0.172
4 8 0.073
4 7 0.037
4 6 0.064
4 7 0.073
4 9 0.099
4 8 0.102
4 9 0.08
4 6 0.058
4 6 0.123
4 7 0.093
4 8 0.343
4 6 0.084
4 7 0.19
4 7 0.097
4 7 0.063
4 5 0.082
4 7 0.148
4 6 0.109
4 7 0.088
4 7 0.081
4 7 0.045
4 8 0.092
4 6 0.121
4 7 0.091
4 5 0.033
4 8 0.146
4 6 0.19
4 7 0.062
4 7 0.11
4 5 0.168
4 6 0.092
4 5 0.031
4 6 0.068
4 6 0.065
4 6 0.037
4 9 0.094
4 7 0.053
4 7 0.062
4 6 0.088
4 5 0.04
4 8 0.184
4 6 0.025
4 6 0.158
4 8 0.145
4 5 0.038
4 6 0.06
4 7 0.051
4 8 0.057
4 6 0.129
4 6 0.123
4 7 0.053
4 6 0.056
4 5 0.069
4 7 0.07
4 6 0.075
4 5 0.125
4 5 0.11
4 6 0.1
4 5 0.064
4 7 0.075
4 6 0.15
5 4 0.108
5 6 0.134
5 10 0.153
5 5 0.15
5 7 0.148
5 5 0.031
5 6 0.148
5 6 0.086
5 4 0.089
5 8 0.075
5 6 0.094
5 6 0.139
5 6 0.147
5 6 0.085
5 5 0.095
5 8 0.159
5 5 0.048
5 7 0.075
5 6 0.322
5 6 0.046
5 4 0.042
5 5 0.183
5 5 0.047
5 4 0.062
5 6 0.072
5 5 0.042
5 8 0.137
5 7 0.119
5 6 0.125
5 5 0.076
5 7 0.167
5 6 0.144
5 6 0.093
5 8 0.26
5 6 0.07
5 6 0.049
5 5 0.14
5 5 0.129
5 4 0.05
5 6 0.261
5 7 0.152
5 6 0.056
5 6 0.044
5 5 0.102
5 6 0.087
5 6 0.071
5 7 0.087
5 5 0.056
5 8 0.132
5 6 0.141
5 5 0.121
5 6 0.1
5 5 0.302
5 4 0.027
5 5 0.093
5 8 0.18
5 6 0.069
5 6 0.129
5 5 0.165
5 7 0.057
5 5 0.062
5 6 0.09
5 7 0.067
5 6 0.148
5 5 0.027
5 6 0.119
5 6 0.102
5 7 0.267
5 5 0.057
5 5 0.079
5 5 0.077
5 6 0.082
5 4 0.058
5 6 0.048
5 5 0.251
5 6 0.104
5 6 0.049
5 5 0.236
5 7 0.185
5 10 0.12
5 7 0.179
5 8 0.199
5 5 0.063
5 6 0.047
5 8 0.177
5 7 0.16
5 6 0.048
5 6 0.113
5 8 0.066
5 7 0.063
5 6 0.083
5 5 0.044
5 5 0.171
5 5 0.042
5 7 0.106
5 5 0.06
5 5 0.218
5 5 0.143
5 8 0.16
5 5 0.049
